9.127424272805266803e-01 1.719443350870583753e+00 1.606405395019071758e+00
3.132065365592063833e-01 1.769781799305486514e+00 1.628300070118832377e+00
1.423677684834570023e+00 -7.136937511174112903e-01 -5.944312292277801335e-01
-6.637929018692645400e-02 2.153242840960873039e+00 1.963147979636539420e+00
1.036331879733400019e+00 6.586114104913782796e-01 6.428746206110976802e-01
4.006549176373612298e+00 -6.830796877174294401e-01 -4.628199551468938910e-01
1.725054906828976664e+00 -4.030494336318198867e-01 -2.987315994632075422e-01
3.053888382148405967e+00 6.452848173342822236e-01 7.116815017353641526e-01
3.430887373418779474e-01 -1.325922146042518790e+00 -1.196736512964573951e+00
1.725026462129918503e+00 6.920453388388666527e-01 7.010386198392078994e-01
3.924533769961539020e-01 -1.663658235155909271e+00 -1.503092869676359911e+00
5.146955444899208310e-01 1.206113907002861474e+00 1.121783749589073675e+00
3.444526679513977285e-01 -1.516287256410076445e+00 -1.370476397536672719e+00
2.985254537993354829e-01 -1.585665812544811981e+00 -1.435659102930028963e+00
5.788700524202439190e-01 -1.252592696503149972e+00 -1.120327139585680865e+00
-3.770137658351395693e-01 2.295636298690241439e+00 2.080679550496779662e+00
8.470732061027370641e-01 1.070759040884425417e+00 1.011550740482758171e+00
3.346270626559257888e-01 1.153278509807336594e+00 1.066320509143071193e+00
1.981042630737767318e+00 -1.590888727642348899e-01 -6.573286566230748806e-02
5.716683010077836524e-01 -1.258042734853768385e+00 -1.125591813013976372e+00
3.366950336635140539e-01 1.206905531798659892e+00 1.115362520371175670e+00
1.302487057286122463e+00 3.570517031590673129e-01 3.782464046642866617e-01
8.702425067306569506e-01 -1.356534566810464248e+00 -1.203527242559241373e+00
-1.459676835814780471e-01 -1.933055237584653252e+00 -1.770649206153825261e+00
1.806464596187569827e+00 -4.596755497639666288e-01 -3.471613191792984887e-01
1.144482527201363231e+00 1.276715138585144960e+00 1.211515571975184447e+00
-1.162701768938254165e+00 2.247128490226165010e+00 2.004861015047497919e+00
-6.353917983685111182e-01 -2.235463949046776033e+00 -2.066377256948854324e+00
6.864023037809819927e-01 1.836238158565001832e+00 1.703949675593908974e+00
1.005992289237682913e+00 9.075774697156020476e-01 8.689515658145445798e-01
8.702816681463896309e-01 -1.151026203842258289e+00 -1.015905949798202590e+00
-1.112450861215963371e-02 8.523687836242297422e-01 7.777271767413200809e-01
1.659755692381225778e+00 -5.085972482169970332e-01 -3.977126648075550164e-01
8.999797016319108778e-01 5.956363022283946984e-01 5.799088167424977236e-01
1.149752544761485584e+00 -4.308731209243453764e-01 -3.472227751721576605e-01
2.594535256383856847e+00 -3.974657138437434067e-01 -2.587378338043362369e-01
1.069372312526432056e+00 -5.688058373262447898e-01 -4.763750401492568010e-01
1.370021093621729413e+00 -9.722771127439734373e-01 -8.326594685801258500e-01
2.499726806328617101e-02 1.971426877401145861e+00 1.800825678626374327e+00
2.294366004998929398e+00 4.583466671017980554e-01 5.105325478468742961e-01
1.215510542598086774e+00 -6.826916581979765031e-01 -5.744824050996257814e-01
1.991949229240036701e+00 -6.603963336106510873e-02 1.965455727377082157e-02
-1.599154286538750025e+00 2.222400696517754959e+00 1.964768905654200593e+00
1.362633835999923715e+00 8.528957415416809074e-01 8.333432528495454683e-01
2.617189415536333996e+00 -8.904850074922951997e-01 -7.079326522369200347e-01
8.943211583007676380e-01 -1.161488389689209644e+00 -1.024492635326163414e+00
8.072164854853538518e-01 -1.179343596390656890e+00 -1.044289516193760203e+00
2.273802485856240896e+00 2.901229776756577561e-01 3.561267209238184739e-01
1.894888151340181848e+00 7.578402617811030861e-01 7.679236699632204788e-01
1.765345110696511455e+00 4.276625410438688046e-01 4.612874022213564462e-01
1.631668536178996654e+00 -6.732353354314318805e-01 -5.491469579408767565e-01
2.253780605932262038e+00 3.114132533689615290e-01 3.747602008828602171e-01
5.951503846912125084e-01 -1.579121786093014013e+00 -1.417779838452048802e+00
4.673200568371427277e-01 -1.387143092166082781e+00 -1.247642480893631722e+00
1.637682612158614104e+00 -6.508782982726044608e-01 -5.284946357700778252e-01
1.309073900226260356e+00 -7.409521029157184469e-01 -6.239164115781882236e-01
1.543769498642839855e+00 -9.584489001129679053e-01 -8.130616533066155061e-01
1.656686561015260128e+00 8.332332115049398968e-01 8.271938977988799735e-01
1.786808847222679741e+00 5.291483083300738688e-01 5.548006931967094379e-01
4.690841351657860647e-01 -1.463964687096932726e+00 -1.317706277612058496e+00
1.706913040270084059e+00 -3.291499763948073642e-01 -2.319928935474544485e-01
2.417401845601655719e+00 5.328088044786608579e-01 5.834510396580292468e-01
2.527942543366508588e+00 -7.374897906027899630e-02 3.412805598364759829e-02
-7.029744006317266702e-01 2.341156390142542065e+00 2.109155069286941409e+00
1.612562716931618567e+00 3.758075196875194646e-01 4.078143111908640872e-01
3.351483758972708671e-01 7.422060522818354489e-01 6.910511092762865459e-01
8.939638896552213332e-01 -1.099372373702318217e+00 -9.677978970363796396e-01
9.302494147150819348e-02 -1.528048354568421363e+00 -1.391304646124505551e+00
1.119628315109373329e-01 -1.656993388964751901e+00 -1.508265494408979723e+00
1.689633503855818564e+00 1.218449228951797192e+00 1.180200781241556696e+00
-8.879417360112171753e-01 2.474826995932993157e+00 2.223766653095065937e+00
2.381033468910670692e+00 2.348079921488266386e-02 1.169982796690753335e-01
-7.646681745826180432e-01 -2.436776552481926927e+00 -2.255354873491139056e+00
1.258441005957153802e+00 -1.226383086425985702e+00 -1.069124783499959097e+00
-1.331456807321946822e-01 -2.116003221348953911e+00 -1.937157730888448004e+00
-1.097372299800385420e+00 2.971316525590280477e+00 2.668633476274653749e+00
1.291360941486946468e+00 5.355988487559355526e-01 5.408052291895388830e-01
1.086559667390210038e+00 1.425225719367858135e+00 1.344774228851624676e+00
4.479980737646914735e-01 1.879751937494357428e+00 1.734107548055288328e+00
2.513625511738898588e+00 -1.458018561009594150e-01 -3.222752569876885520e-02
-8.639412583380612354e-02 9.344593411679720241e-01 8.496511931427080944e-01
1.295658285170958601e-01 3.216828822653827746e-01 2.988817839440545132e-01
-1.272416902975044284e+00 2.860006413579260887e+00 2.559987130363615915e+00
1.392438086477890469e+00 5.600887423346405658e-01 5.672200522391673827e-01
1.843931737194614673e+00 -3.317034275106539587e-01 -2.288249121816794407e-01
8.103372800520309838e-01 1.769121797423227171e+00 1.647649570260534935e+00
1.219590972238113968e+00 -8.338329865399376484e-01 -7.123037484262260133e-01
1.028043755367833878e+00 -9.942630096899017778e-01 -8.664566457698134050e-01
2.147509803812016838e+00 -3.049937682017114238e-01 -1.922562886583251140e-01
1.029195682465272821e+00 -1.023351369812714795e+00 -8.929667541022490163e-01
2.443782349686518529e-02 1.382083999025759180e+00 1.262760175518966133e+00
1.065585709935513936e+00 -7.734717174263885386e-01 -6.633775860056830842e-01
-8.890994572451527134e-02 1.816923860915804489e+00 1.655199902964282321e+00
8.539852052412204575e-01 -8.027185164705447074e-01 -6.985710362293415798e-01
1.256162240735861246e+00 -8.134937450493069377e-01 -6.922671862159057721e-01
1.610434020418376022e+00 -1.776352059901209479e-01 -9.753897810053072104e-02
1.978588926013842286e+00 -1.238794029794090257e-01 -3.368671070047363214e-02
-8.396912367189335313e-02 5.763956075563472226e-01 5.228527333181114400e-01
6.314979529937503333e-02 2.058689291437252766e+00 1.882023494511094741e+00
-3.207861928218491698e-02 1.406625571955377518e+00 1.282897252977612590e+00
1.649167068452022322e+00 8.496592063758365843e-01 8.418882882042941773e-01
7.679183757446351732e-01 -1.033471633472432760e+00 -9.126923031016391796e-01
2.215459201914413701e+00 -8.299566559041866576e-01 -6.687962472016115711e-01
2.762052361037371728e+00 -1.219974099074898177e+00 -1.002927109348931145e+00
3.151082079970588534e-01 1.719388921469114706e+00 1.582370003625637622e+00
2.688933038753444027e+00 -5.815975124003887053e-01 -4.230531310151979252e-01
1.256084491533190128e+00 1.254836066297305042e+00 1.196020060821974207e+00
3.639588475675921142e-01 -1.553255959358548877e+00 -1.403444260680293043e+00
5.419468333663788329e-01 1.074994612935189719e+00 1.003171555227557521e+00
1.065687904683246590e+00 -8.959125329019802519e-01 -7.751563399879561889e-01
2.386024084322011518e+00 3.157083980911812304e-02 1.245844115570014232e-01
5.600516298206278387e-01 1.564281091440007376e+00 1.450594321278330323e+00
1.205675325578334567e+00 -1.102358181188089592e+00 -9.580134463256320121e-01
8.412776353727816625e-01 3.415699644609323515e-01 3.456019160584405392e-01
2.695561496207350860e+00 5.633183479734897858e-01 6.224686301104287445e-01
1.359421110234042773e+00 -5.727633085089178788e-01 -4.683470911964274785e-01
2.025748993626765859e-01 1.839158265317556218e+00 1.687197469396081617e+00
1.053970266021891034e+00 -7.305680879643304815e-01 -6.246747167722249694e-01
4.921923585638009468e-01 1.542876764952837654e+00 1.428329659566938359e+00
9.422999826212630214e-02 -1.681075904887048278e+00 -1.530963425115415610e+00
-3.797536281535642821e-01 2.429752732845969820e+00 2.203011748228065336e+00
2.383751124456690906e+00 2.569816683575587568e-01 3.302829480244590110e-01
3.140445350844951466e+00 3.238538509993023062e-01 4.217036675545472457e-01
2.826927017725713753e+00 -1.642957631438952237e+00 -1.386487991096416295e+00
3.095760104558510584e+00 4.932418434796415063e-01 5.745537287918631719e-01
1.052302635103916639e-01 2.067401590749689433e+00 1.891666299651827199e+00
1.146176580279401280e+00 -4.426803627103004235e-01 -3.581457652752952359e-01
2.537434507621956215e-01 -1.692300267959941262e+00 -1.534808775293302396e+00
2.014643991805910250e+00 8.001224574580236837e-01 8.113317082801598801e-01
1.157016759425194108e+00 -8.981953673391074311e-01 -7.735750330841436595e-01
2.268754181046045204e+00 7.997309304469755187e-01 8.211728258747150733e-01
1.271388990918179696e+00 1.724563561026268843e-01 2.084712064199255033e-01
2.402027638396846410e+00 4.427677695638227995e-01 5.006306647515477160e-01
2.217769049298499162e+00 4.318917044903396452e-01 4.833062048693278490e-01
1.475222228730345142e+00 -1.055411758460512273e+00 -9.043354056896599769e-01
1.362980529723110568e+00 -9.407670946681606639e-01 -8.041748344667226656e-01
1.286774974374726099e+00 -6.116349770295286259e-01 -5.067507540155015144e-01
9.244623752155122220e-01 -1.212251651988641266e+00 -1.069627468225986977e+00
6.200285819593380765e-01 1.255282181282977083e+00 1.170899611456521550e+00
1.094946875906765982e+00 1.191706359069211407e+00 1.131918366141997367e+00
2.522778153108318211e-01 8.992168021355365637e-01 8.310687697422588505e-01
7.533201407655683024e-01 -8.854054245706621806e-01 -7.781005289181115447e-01
5.980006660653003348e-01 7.422017055654814843e-01 7.015965638507590807e-01
7.129276291504997864e-01 -9.749383470122476858e-01 -8.614611154278342120e-01
5.195908483584887883e-01 -1.358754446695537688e+00 -1.219627090419162840e+00
3.832714186985508142e+00 9.781207916087810705e-01 1.046803217166788702e+00
1.160534772373644774e-01 2.289997916781927323e+00 2.095320931521871266e+00
7.797362385478117108e-01 -1.435774829809271402e+00 -1.279502388814038882e+00
1.259451055889643900e+00 -6.879087334326722258e-01 -5.774818289936144433e-01
1.734861492065938426e+00 6.876539601944725577e-01 6.974242154802889893e-01
-9.420228211435066612e-01 -2.329491210874580442e+00 -2.164526296358598056e+00
8.421802584084372434e-01 -1.193160015607737545e+00 -1.055500023431566570e+00
-1.745509930005499921e-01 2.077796891322545303e+00 1.889927875775506694e+00
-1.586513311876189825e-01 2.676797408578328596e+00 2.437426031410663274e+00
-1.771852522818415654e-01 -1.542832772853293122e+00 -1.415646870827821591e+00
2.215883376469798716e+00 -1.715376765738607645e-02 7.327257922023761028e-02
1.203155661864988568e+00 -1.036960950324269826e+00 -8.984098956271396874e-01
1.410230097965699647e+00 -6.082376407005707364e-03 5.104582913301139446e-02
7.453570576340678988e-01 -1.088562752440825010e+00 -9.638934562991591237e-01
1.775614184325183365e+00 5.794275136321501707e-01 6.002540130965412501e-01
3.759289704845874880e+00 1.153919876077141859e-01 2.562244921221835114e-01
1.287210787010170776e+00 -1.003361642602444315e+00 -8.643617635781825070e-01
-5.620855618102060802e-02 2.115526022711548659e+00 1.929122448845043136e+00
1.470119120762026999e+00 -6.686438671334463679e-01 -5.514388490200691217e-01
1.003517723061985611e+00 2.073784320850234675e+00 1.933545681634130986e+00
2.789203523020809872e+00 -9.815933873105882057e-01 -7.842067437357952420e-01
9.181202443934233237e-01 -9.420798414426914125e-01 -8.232275194942092478e-01
1.538407388773929796e+00 -2.396121562143083139e-01 -1.570118412214155657e-01
1.047006126369709467e+00 5.549307007056418772e-01 5.486472868412927140e-01
1.131837160551355304e+00 -6.357051640622233268e-01 -5.349440706566638282e-01
1.172292642233811577e+00 -1.042853950161933607e+00 -9.050286037618412438e-01
4.974499331733992502e-01 -1.010694269868136264e+00 -9.027527063127056550e-01
2.027827234909915788e+00 8.947210369360703019e-02 1.630695919764623691e-01
9.789687997991647350e-01 -9.046090800573234336e-01 -7.865763097052483888e-01
1.027040076256730883e+00 1.085475082267004510e+00 1.032208677195988855e+00
5.398644486986030611e-01 -1.517747168262546076e+00 -1.363966492652578077e+00
4.484841449882448483e-01 -1.121903330374623531e+00 -1.006246697331357520e+00
-1.205507243724935229e+00 1.825595421895730652e+00 1.618302661420675914e+00
3.890740641812758804e-01 -1.320942556363192022e+00 -1.190344781506081917e+00
1.358872102664149484e+00 -5.606830019047079894e-01 -4.573403587640071377e-01
5.251350559588223721e-01 -1.568645333999147740e+00 -1.411025341884915907e+00
2.072429862054407934e-01 1.804082440393587339e+00 1.655362199001111145e+00
2.698845265823662132e+00 3.788959226543027192e-01 4.542311963684135812e-01
4.925814960669916420e-02 -1.633304386623085414e+00 -1.489155136198705431e+00
2.603248058889782612e+00 -4.888013891203211170e-01 -3.417734380069439304e-01
-6.547418390260653087e-01 -2.097443728887624204e+00 -1.941147721221682110e+00
2.900664012678966230e-02 1.699806262295965542e+00 1.553009413793457361e+00
2.073775008007344489e+00 6.307976516674829170e-02 1.408186829350002722e-01
2.300146689574322778e+00 7.008689433469721397e-01 7.321762804942538727e-01
-2.657915533962271759e-01 1.135610637426827552e+00 1.026093101046810840e+00
1.997009427611200039e+00 -1.491023110721401146e-01 -5.597477426860116012e-02
1.484930329813942684e-01 1.549845342850112884e+00 1.420897480548741321e+00
-1.203851167433400704e+00 2.186678106939244248e+00 1.948021077301020698e+00
1.943732017884415963e+00 2.942155840125590949e-01 3.466158978482941633e-01
1.057628408630423733e+00 -8.626033016164946776e-01 -7.450700008822284115e-01
1.161109794113742710e-01 -1.756646181110040228e+00 -1.599077445047928148e+00
-5.266503987357071814e-01 -2.116788656587148765e+00 -1.953667878981925066e+00
1.378962074024404405e+00 1.354805642351332162e+00 1.292219324051463891e+00
2.077748802837823483e+00 -4.792213670817269122e-01 -3.541179220317554055e-01
1.471326937812518887e+00 1.481231203981773659e+00 1.411347080043361180e+00
1.059771370363252085e+00 8.440395548424438621e-01 8.131027521771037048e-01
3.560281853068779645e-01 2.058729981818382626e+00 1.893815145847642434e+00
7.335503592455538957e-02 7.812679994882243406e-01 7.162059550651062034e-01
6.143559215308640464e-01 -1.485540824302966190e+00 -1.331573904298741118e+00
1.199698191536002101e+00 -1.133375343347628794e+00 -9.865705832582305490e-01
7.546497044266620158e-01 1.328863954910433076e+00 1.243479340005551492e+00
1.938078832714968947e+00 -4.179078732308139088e-02 3.963058600895909278e-02
4.779745312792747391e+00 -2.653470544463284675e+00 -2.230664768938058984e+00
5.408199622865428324e-03 1.524004838888763258e+00 1.391563658088352140e+00
6.381061582435467727e-01 -1.165922238345472595e+00 -1.038823575205318317e+00
1.107227384789047919e+00 -9.207130912175858217e-01 -7.961309508769554011e-01
1.048818524330757063e+00 4.091687277297348935e-01 4.156460224104370771e-01
-1.795826786811844933e-01 1.671958638935224117e+00 1.519214199056789338e+00
1.528112044407808234e+00 -1.068388487277324383e+00 -9.140598628170216733e-01
7.409521984377878123e-01 -1.352395173048659638e+00 -1.204937156583868241e+00
1.255954587889109852e+00 7.486796023604083139e-01 7.339171826963569734e-01
1.615543805387389398e+00 3.808918190885669519e-01 4.125756878735610256e-01
1.771699675205919977e+00 1.303396764656153284e+00 1.261047667676151507e+00
7.768313269071704941e-01 -9.530343885110964530e-01 -8.388990672047180741e-01
1.114739835842310844e+00 -7.159017625915647942e-01 -6.088460824305670371e-01
1.107378788887900756e+00 4.419770120806715274e-01 4.479487650404723742e-01
-7.517575146270583097e-02 -1.403797715982806338e+00 -1.284620141457204934e+00
6.242775454189538609e-01 1.375503651509349945e+00 1.280826836084308695e+00
1.679216905426675233e+00 -4.565269304657071370e-01 -3.493937856417608234e-01
6.848472355578973936e-01 -1.090681631368609406e+00 -9.682564220119705967e-01
2.295568727506737794e+00 -1.096957425522204765e-01 -8.015879548714147096e-03
-3.061907147654279182e-01 -2.064736970693220375e+00 -1.897299053778914057e+00
1.835726916081101390e+00 1.559042054385293419e-01 2.160092236718406944e-01
1.638718539190263446e+00 -3.880254241487393063e-01 -2.884804266741420875e-01
1.345080665231096262e+00 4.496326979679006186e-01 4.644780813267546105e-01
1.526567938745876152e+00 -3.458183879573891728e-01 -2.544484348916634664e-01
4.604692942970771696e-01 9.907499068206181425e-01 9.229899444240808881e-01
2.174053607318438885e+00 2.123064302503496759e-02 1.066369744620551951e-01
1.257747238280996882e+00 3.244636668037428340e-01 3.466994138635234313e-01
-8.706273579818095687e-01 -2.582138008262255813e+00 -2.392315833453996454e+00
-1.249887901625133857e+00 3.357504127600474675e+00 3.015083941159539815e+00
1.155423167581677957e+00 7.790354554368769113e-01 7.575959161972071199e-01
1.219870548207702354e+00 9.875716970230076219e-01 9.505665096356910038e-01
2.104729720487852340e+00 -6.520757122231257696e-02 2.494057094218775361e-02
-7.793666068379856426e-02 -1.906164056886547664e+00 -1.743368404749292555e+00
1.174285242393551254e-01 1.307694918292846120e+00 1.198578479963090526e+00
-2.525605814696127993e-01 1.963252998976301678e+00 1.782223680118893316e+00
8.539123112885071976e-04 -1.665703700254544728e+00 -1.520676901082793409e+00
1.537730129860657158e-01 -1.597223404602340580e+00 -1.452020209573048115e+00
-1.408460849084116617e+00 -3.096196560412352916e+00 -2.883213375110731391e+00
2.328452319879119159e+00 2.958694090808182686e-01 3.635662886769987501e-01
2.552120926844683169e+00 3.875788246557837491e-01 4.562695926035742477e-01
2.715008012619021471e+00 5.106413269688312440e-01 5.751573976326100901e-01
1.385190153212970232e+00 6.631812890147540385e-01 6.610479331204822673e-01
1.357160695890922142e+00 -1.020640664774506989e-01 -3.871096638752917485e-02
-1.337909186260037409e+00 2.598943146945404514e+00 2.319019832765405464e+00
1.366640266313828844e-01 1.691658957233828975e+00 1.549892063740330395e+00
2.912773122206018250e+00 1.934425272172648480e-01 2.935066113572656343e-01
2.362929420706654238e-01 1.977329860166317843e+00 1.814695059767504004e+00
2.559996263580938347e+00 -2.554403474788882189e-01 -1.304613827778809410e-01
1.146371489734410831e+00 -6.282978155478453619e-01 -5.275981739932386061e-01
1.132962596882108652e+00 -1.327795755600343686e+00 -1.166745907293891715e+00
1.098927619508027753e-01 1.726440474291661253e+00 1.580571546421086770e+00
-9.643077332833207560e-01 1.751330458729674078e+00 1.560182553409586781e+00
4.015208950706345981e-01 8.097888350466884155e-01 7.554149162062828715e-01
1.987309719752111015e+00 -5.518321598354640756e-01 -4.240379692146241108e-01
2.180317943620296628e+00 -1.265646996200553431e-02 7.595100814895837382e-02
1.134535006905702303e+00 1.269934965931059700e+00 1.204926347033182799e+00
-4.438879790563539096e-01 -2.035163813428845003e+00 -1.875826515109678239e+00
-1.343193511509737093e+00 1.745267345230704370e+00 1.539440849432301306e+00
1.085998144236477891e+00 -8.330981807468360589e-01 -7.169945744139455401e-01
1.576278989026328903e+00 -3.765475907484050477e-02 2.888596521298750219e-02
3.673568022032135394e-01 -1.190702403929662312e+00 -1.072313098250216035e+00
2.780076593399289919e-01 1.215846756410061902e+00 1.121170065400314497e+00
2.173697316645117006e+00 -1.361061225461994706e-01 -3.701858441635262620e-02
1.228615320578059000e+00 -8.711655643048537012e-01 -7.460244947757341816e-01
2.495899252511300848e+00 2.757589904093133981e-01 3.519267823932007433e-01
1.347768326433980812e+00 -9.711428409736559964e-01 -8.325170322106362208e-01
5.858673066268285101e-01 -1.190871113950354276e+00 -1.063697331479093178e+00
3.333451641013343014e-01 -1.688164439479521883e+00 -1.527838185146238370e+00
2.394085103247465263e+00 3.746351526461353387e-01 4.381099376618938779e-01
1.392808064066378693e+00 3.776435144913097286e-01 4.006707658782818759e-01
1.413264750100780454e+00 9.302836543955683712e-01 9.060269142647326968e-01
1.684239432995073393e+00 -5.927643634536956530e-01 -4.735707447091169198e-01
1.637353468872567053e+00 1.493671247268133717e+00 1.429367647402309816e+00
1.083008531498098170e+00 -9.659022331136624118e-01 -8.383585768225635393e-01
1.830805813187416753e+00 -5.896951842277061706e-01 -4.648863687306004633e-01
-1.141639554104558751e-01 2.181575446170981092e+00 1.987096540684974988e+00
7.673074212454744636e-01 -1.095776094849845395e+00 -9.695979424698881743e-01
6.144303467521234907e-01 1.153606922727766992e+00 1.077850076249105893e+00
9.765865247058734822e-01 4.872519559666709243e-01 4.840334437362751041e-01
7.942709149478719421e-01 1.973950021708868574e+00 1.834003541674597004e+00
1.750929332631762092e-01 -1.891092859301979123e+00 -1.719453897007272802e+00
1.220178207874657472e+00 1.248524657615356803e+00 1.188816956127767499e+00
1.486247296132598539e+00 -2.421339393654786676e-01 -1.614075285258826931e-01
1.234896266669731180e+00 -4.214223165509859426e-01 -3.351774302416978824e-01
2.135951457993713554e+00 -4.598298658955490836e-02 4.374480220626631582e-02
-2.000017521500747630e-01 -2.083595304559664463e+00 -1.910254016791488096e+00
2.062075370392117080e+00 -3.695770726730284172e-01 -2.546467480918352955e-01
1.687582862648939752e+00 4.952639615333194190e-01 5.198834599600495876e-01
5.116858994756290357e-01 -9.806705604028054246e-01 -8.747710827775174725e-01
3.064903891190041696e-01 -1.494738253504160452e+00 -1.352326738901932668e+00
1.208367503751602845e+00 -9.732334320765779756e-01 -8.400204166023367280e-01
-3.275105383905585477e-02 1.800989214399412397e+00 1.642906204941149584e+00
1.174342738507037964e+00 -7.526192161810643100e-01 -6.399753078916341487e-01
1.436551018884139719e+00 -3.414315902946791770e-01 -2.540562660141049145e-01
2.371150323632222001e+00 1.859559315706804661e-01 2.649339782598976178e-01
-2.367662567865986833e-01 1.438901290758722862e+00 1.304148487080214469e+00
2.326706460950076050e+00 3.734269972008957827e-01 4.343027446862480767e-01
1.902180812340257710e+00 -3.709005491840412505e-01 -2.622722960852486018e-01
1.122777201439721928e-01 -1.666764029650817713e+00 -1.517173003890655902e+00
2.371967335407280331e+00 4.150618537411386866e-01 4.741299801363213495e-01
8.246984480280949992e-01 -1.271191088848842909e+00 -1.127440440927680587e+00
-5.857991237829420772e-01 1.368096658292098144e+00 1.225498871229698583e+00
6.521153030437196740e-01 1.469699406258270669e+00 1.367940497177716708e+00
1.931834117791697114e+00 1.121864286997480420e-01 1.799541025520370319e-01
3.597946212616546457e+00 -4.929035837290771660e-01 -3.055969251477567705e-01
8.174729134198167602e-01 -1.447676624015235891e+00 -1.288853642327884019e+00
-4.980166495948510352e-01 -2.072675140241794889e+00 -1.912245060626933890e+00
1.650129872233765838e+00 -7.011967935322371837e-01 -5.739335533461844552e-01
1.892408888929035804e-01 -1.632766676967362773e+00 -1.483046106548173038e+00
2.253363012204333771e+00 -3.299716990658392302e-01 -2.108116386900716899e-01
1.773361305626549589e+00 -2.715285644870436554e-01 -1.767203218502759188e-01
3.339103288360905974e+00 -4.393910122864346235e-01 -2.671309082059820650e-01
1.842236629478705146e-01 -1.549952684087719579e+00 -1.407642088191443541e+00
3.911064963115242765e-01 -1.672815089636242147e+00 -1.511506714609401447e+00
-1.618175243170612010e-01 1.300659673632352797e+00 1.180948247041180732e+00
2.132290035603598533e+00 1.983701520314629096e-01 2.666810748903761796e-01
5.711314474233013527e-01 -1.455928744109453277e+00 -1.306274220600027292e+00
4.372457613383995412e-02 2.309702737553239960e+00 2.110407652065493522e+00
1.964004527107361397e+00 -4.307178881325959274e-01 -3.144015276773020062e-01
1.333042504522552019e+00 1.427925281795883405e+00 1.357131250185358073e+00
1.809383097783171523e-01 -1.686376140900809117e+00 -1.532322310423613443e+00
1.439816036257079324e+00 -2.985370482917999446e-01 -2.147644746042111363e-01
1.003647400951412694e+00 -1.129346312060122592e+00 -9.907606460757157896e-01
-1.956208929101744598e+00 2.728003201211417483e+00 2.412030651517716784e+00
8.219161418242560968e-01 -1.445726463760976577e+00 -1.286894908979462127e+00
1.870846528682463150e+00 1.051178240313372481e+00 1.034762910070428310e+00
1.619465260602533707e+00 1.325871037383307582e+00 1.275455809937975804e+00
1.360173053066074278e+00 -7.149594020321743404e-01 -5.981354317865059667e-01
8.280619784896456892e-01 -1.492339746850074977e+00 -1.329204041522783930e+00
3.197626493582483853e-02 -2.076855116815080393e+00 -1.894790232113909179e+00
2.086967184264993946e+00 -4.253252156996503164e-01 -3.045432304587075145e-01
2.183232354432131928e+00 -3.162133203779877721e-01 -2.010655221514273672e-01
-3.209790756368302578e-01 1.944528976319072733e+00 1.762383568934943856e+00
5.484291682864728124e-02 -1.589627192746748241e+00 -1.449055717678268351e+00
3.169710339650401831e+00 6.669052836809354901e-01 7.360684435968521955e-01
3.234789824485346799e-01 -1.242505460203428669e+00 -1.121367926159647865e+00
1.388266629343418934e+00 -7.212311572816269001e-01 -6.027337377674384378e-01
1.662816810490203245e+00 -4.441257937721841964e-01 -3.387303241554270317e-01
2.432628210495010990e+00 1.753229517582788333e-02 1.136382927591839259e-01
-6.288443762782249813e-01 -2.107393658570515527e+00 -1.949192171695002029e+00
-8.719668202492614206e-02 2.830316131391604095e+00 2.580449383189371115e+00
2.164013807076952567e+00 -2.668021365884626350e-01 -1.567267000380961339e-01
-1.304792753178376508e-01 1.140108427239586497e+00 1.035630056240336438e+00
1.594670471077933582e+00 -5.889715825902213098e-01 -4.737029074272159912e-01
1.965048229039952687e+00 -4.544527888646835434e-01 -3.360285163819672904e-01
7.926522088795949772e-01 -1.260832243824036025e+00 -1.119269447024136221e+00
3.287504573029669697e+00 9.583933855159130211e-01 1.006911330146683881e+00
1.365287128823682306e+00 -4.864561198551152765e-01 -3.893171524674354234e-01
1.408626537516297184e+00 7.715618133438019166e-01 7.609349924915131957e-01
1.638530689089266357e+00 9.069515226895694671e-01 8.937666635699008655e-01
-6.003798425695523466e-01 2.306394017832502641e+00 2.081536188415817445e+00
3.956695711970092955e-01 -1.244420142819355979e+00 -1.120218616620087371e+00
1.196945637937714357e+00 1.062231776038262687e+00 1.017807663729042300e+00
2.613997542401977014e+00 1.243875508960787801e-01 2.184713982423912015e-01
1.331821209985628141e+00 -6.377970491723548019e-01 -5.288276230765831531e-01
1.391354661064112541e+00 5.348452502085885296e-01 5.441304176885473076e-01
8.235724000861157634e-01 1.021199457112941911e+00 9.653619197224667658e-01
-9.908387088711196888e-01 2.966375683374369743e+00 2.668398377033767144e+00
1.259285599785836318e+00 -7.401672160646285414e-01 -6.251980701565706955e-01
2.586369223948314477e+00 -4.012149835590477220e-01 -2.624884842357623760e-01
1.507711637686065309e+00 -5.327751167902253782e-01 -4.258881504322344913e-01
1.026560431962766140e+00 1.825611578060702289e+00 1.707900141918715642e+00
8.556381027601973610e-01 -8.625436590811250692e-01 -7.531223127645487736e-01
8.903590244197820969e-01 -1.260786810462889207e+00 -1.115306562552315528e+00
1.704256617539248619e+00 6.106505742897339051e-01 6.258953429398415036e-01
-1.836860507755888605e-03 -1.977089373076148515e+00 -1.805065748367359335e+00
1.470807787424282420e+00 8.684636340595700554e-01 8.518975238233956748e-01
2.573603295261587043e+00 2.685878689895645488e-01 3.484984833542468796e-01
6.622266286332281204e-01 -1.447869792646828468e+00 -1.295260715278059083e+00
8.526995872080367356e-02 -1.683226447830317163e+00 -1.533286378252522342e+00
1.677916132201878519e+00 1.043560458991432016e+00 1.020065076073937593e+00
3.164709880449455337e+00 5.330573767678312702e-01 6.136707456598567978e-01
1.672620361611605988e+00 -3.281153629391433402e-01 -2.324246554587975910e-01
1.919484347301888549e+00 -4.491965847479920670e-01 -3.330585225543285510e-01
1.281629452711160244e+00 -8.189164722820849729e-01 -6.961957761067746331e-01
6.015406467150223868e-01 1.450766489419401228e+00 1.348625827170429226e+00
1.454270517934775908e+00 3.393931212422001131e-01 3.682166687319757825e-01
2.060945421882589113e+00 9.374144321486438391e-01 9.385312726348475909e-01
-2.973850588306747866e-02 2.091444528671201120e+00 1.908199507947534235e+00
-6.668807136485466192e-01 -2.573358307202028961e+00 -2.376123116182757844e+00
9.469940970600397856e-01 8.364235818883770657e-01 8.016234678559581717e-01
1.867946140528051746e+00 -3.154622253828940348e-01 -2.130336346172910789e-01
1.096819304079903468e+00 -1.036916168955461348e+00 -9.026367598139569681e-01
-8.069111718070676176e-03 -1.698625123801639436e+00 -1.551090772999531575e+00
2.017580788013104254e+00 -5.474865571193966440e-01 -4.188557213876110130e-01
-1.192854860894119184e-01 -1.537592101838087810e+00 -1.408538605014972633e+00
2.279860967671830885e+00 6.049448178590487446e-01 6.437877926295316744e-01
-5.198605207755291335e-01 -2.124849644718087127e+00 -1.960754684090530553e+00
9.998377685712900309e-02 -1.585756302628746672e+00 -1.443710070311217564e+00
9.916348963637746650e-01 1.209199206583219777e+00 1.143742168700705664e+00
-2.081115854163901879e-01 1.743502522639535313e+00 1.583385496463893372e+00
3.388083730454151343e+00 -6.292738548891927408e-01 -4.385194435633432697e-01
1.606312039880028797e+00 -7.764421614475702782e-02 -6.417218242496053326e-03
2.074479702471547782e+00 -2.681712050134864578e-01 -1.615699957141742416e-01
6.963990890853331006e-01 -1.120847579343612566e+00 -9.953329237245958083e-01
1.462154642616602995e+00 7.915473446953948944e-01 7.813291862676076116e-01
1.257918964048159616e+00 4.252048129018439759e-01 4.386783574068525704e-01
8.349132141299024923e-01 1.252876422702103865e+00 1.177327533109361335e+00
1.790444311507522368e+00 5.687638651075952456e-01 5.911137889764856990e-01
3.033644763357524532e+00 7.523355591034961432e-01 8.086014591702967991e-01
-8.894959455064332943e-02 2.387935835151050235e+00 2.176506086068563217e+00
2.022508704777430388e+00 1.868850614115799003e-01 2.517897037838668917e-01
-4.177718678817583520e-01 -2.018200973804907594e+00 -1.859292064754586971e+00
9.880556046926858293e-01 2.054253699607309969e+00 1.915094556060995767e+00
1.364453456984634716e+00 -8.245092223805606801e-01 -6.979776077735418971e-01
8.684745843639581908e-01 1.791575161369429292e+00 1.670481769658464399e+00
7.716052138081548328e-01 1.372961200699190920e+00 1.284418604765417582e+00
1.456784722116162722e+00 -5.121252488183829499e-01 -4.090796889155133842e-01
3.723330426972248919e-02 1.548515262719859287e+00 1.415217834183231549e+00
1.131210294418718121e+00 -6.687587667074197384e-01 -5.651456545899553596e-01
1.068963449471561633e+00 8.223677164193831102e-01 7.936862752036608626e-01
-5.640575388582078631e-01 -1.746625196166538663e+00 -1.617226910516377902e+00
1.414939095005122827e+00 -6.744636828529189110e-01 -5.589666922256205650e-01
1.346377852609647041e+00 -7.427771755429262157e-01 -6.240854469697876272e-01
2.342101085477976241e+00 -1.316247692943731007e+00 -1.107674989073659688e+00
1.080324361285570856e+00 -6.904117491451051691e-01 -5.869561127950921886e-01
2.027617900318944955e+00 1.484811444900024924e-01 2.169337414947841713e-01
1.481204411157169165e+00 1.550090900571865715e+00 1.474609255179109901e+00
3.055305326936837984e-01 -1.500979856976778271e+00 -1.358063560220457378e+00
2.123270301180378183e+00 -5.366002274161132402e-01 -4.046752142771810612e-01
2.906094668345537979e-01 1.311681738695894772e+00 1.209168780194634030e+00
-2.088459241811391198e+00 2.547225387128789542e+00 2.241680999752616366e+00
9.919885050867010001e-01 -5.490150264016782078e-01 -4.614126902441888500e-01
2.223023173227480775e+00 -1.378539809066506860e-01 -3.663463462600556608e-02
-4.920628277012673024e-03 1.630656405179556456e+00 1.488517110931129928e+00
9.867980692489063399e-01 -1.073555049321096133e+00 -9.405020170687586889e-01
1.195297177091455554e+00 -1.252938047937519839e+00 -1.095902487515347579e+00
9.940988629686902112e-01 -8.726180489411972108e-01 -7.567627275711727997e-01
1.431809291119397143e+00 -4.215902512331750618e-01 -3.274277578487401197e-01
-6.815883447442812049e-01 2.326839521053706505e+00 2.096942740510044256e+00
1.372794994193975437e+00 -7.987721854308140745e-01 -6.741460893364542573e-01
5.150979774617531204e-01 1.380606877863267190e+00 1.281103989863946468e+00
2.477273113933971427e+00 -3.935921273012954469e-01 -2.599076742425847630e-01
-5.282363835745496061e-02 -1.713049351533185938e+00 -1.566055628894159613e+00
3.166093599829239658e+00 -1.001152990634139428e+00 -7.869375027485535634e-01
-2.872692284302313936e-03 2.174024618106078055e+00 1.984669590318482113e+00
7.350885397047361991e-01 -1.302203149496648615e+00 -1.159349472893932642e+00
8.570863457738320257e-01 -1.426644970235451559e+00 -1.268062843949958163e+00
2.402754518095637781e-01 -1.843808693371465024e+00 -1.673669557345419889e+00
6.302883229207482119e-01 1.397642619131822084e+00 1.301279938375714540e+00
1.553983728858933100e-01 -1.806898526972207986e+00 -1.643378758198880130e+00
1.856882283929093269e+00 -4.957532499315482344e-01 -3.780751223019371277e-01
2.476643690339992432e+00 -2.256585592558795206e-01 -1.066172812109435070e-01
1.044379692726657538e+00 9.445507421438111839e-01 9.042471257806405927e-01
7.466776537741195430e-01 -1.226132675403597050e+00 -1.089435492524723825e+00
1.157317652399920238e+00 1.578266633068796665e+00 1.487333402590918841e+00
2.166333047150393876e-01 -1.695138894992181289e+00 -1.538889705742489955e+00
4.744896654786500134e-01 1.516745031435843494e+00 1.403762096729154640e+00
1.693078966058015444e+00 1.633738002874389750e+00 1.559478689041515764e+00
5.484596129661603037e-01 -1.025522675072785717e+00 -9.142431173108332976e-01
-4.980274700211366756e-01 -1.718831326611866217e+00 -1.589202302658919042e+00
1.114509423642693786e+00 -1.189497678088738297e+00 -1.041226705283328169e+00
2.071104206135133907e+00 -1.767834191878127070e-01 -7.827260730602905725e-02
2.075971828993143919e-01 1.564743955880206983e+00 1.436871342226722748e+00
-2.575074669595824872e-01 1.473717113918497468e+00 1.335101302371250576e+00
2.748674246034179536e+00 -1.297796642790931543e-01 -8.166455068570027676e-03
3.340189789461005532e-01 2.245371439199035812e+00 2.063326919756293787e+00
2.628502183116060431e-01 -1.616119934665795066e+00 -1.464894126031840660e+00
5.255582582911975109e-01 -1.624921536920028498e+00 -1.462385952157633673e+00
5.136831816759398484e-01 1.887737560251393720e+00 1.744034289198389098e+00
2.335931277375564719e-01 1.715378073271992321e+00 1.575436722889621777e+00
-3.265206329966194865e-01 -2.007030707629240407e+00 -1.845431808506128979e+00
1.901875625808271852e+00 5.952086918700258966e-01 6.197289349965036109e-01
1.605916317453355280e+00 5.621039987489306888e-03 6.958426413212409622e-02
7.890862205607291902e-01 -1.440766472405694554e+00 -1.283684273777731644e+00
4.941002573185503399e-01 -1.576391689016276354e+00 -1.419342972646224776e+00
1.107216109466735210e+00 -8.503915639760872835e-01 -7.319310704669772516e-01
1.562406372713492031e+00 -7.765784344976845999e-01 -6.462742696555416888e-01
8.289301109601436846e-01 1.281229053010553676e+00 1.202972057399129158e+00
7.411597905476332571e-01 2.258200329569298059e+00 2.091379467315006568e+00
1.398062517805534366e+00 2.115309594079776145e-01 2.492284971400820226e-01
1.960966799737572597e+00 -4.689185312963606300e-02 3.589214177729119215e-02
4.004937327152258142e+00 1.041003759508382309e+00 1.111124561186656479e+00
1.562390623270651258e+00 1.379951719242036745e+00 1.322538337848792267e+00
3.376853663518459836e-01 -1.429024261561798070e+00 -1.291080882454405332e+00
8.223803442651664852e-01 -1.349391788447272589e+00 -1.198927133021382208e+00
1.115019359499108464e+00 -8.591110610098450229e-01 -7.395783929421169134e-01
-6.885310347344324455e-01 2.070907879328004242e+00 1.863010235055034380e+00
9.620878652797231201e-01 -8.546140085607880632e-01 -7.416106061394185378e-01
4.428722708054499968e-02 -1.644714728007658167e+00 -1.499771760242618157e+00
2.815076988185657436e-01 -1.466732376379626501e+00 -1.327761321701202535e+00
2.445840287171181515e+00 -6.500309459122721734e-02 3.881752182246772653e-02
-3.017934502627275251e-01 -2.249757772568881542e+00 -2.066038088439329012e+00
-1.155190193907432938e+00 -2.557635810325028736e+00 -2.381367212167524006e+00
9.052233391229640436e-01 8.467488440109318670e-01 8.093735142343324585e-01
1.794482511767794719e+00 -1.026439884668930436e-01 -2.168875330063604889e-02
-6.151624795735546325e-01 -2.247572697086197557e+00 -2.076620097328431225e+00
1.512987869862710166e+00 1.260264975168344126e+00 1.211287072752792238e+00
-1.892275948679713604e-01 -1.846530033123487513e+00 -1.693391869442557818e+00
1.131685147970567629e+00 -8.442265554829606611e-01 -7.253206495833682821e-01
1.602628350663386048e+00 1.687563507382380035e+00 1.604988726362376106e+00
1.810815129103812371e+00 -1.462062259626312200e-01 -6.080358050167251893e-02
1.624782034423041921e+00 -4.577823806879363078e-01 -3.527246658919719891e-01
1.042186482522180713e+00 1.492607371755914514e+00 1.404509698903263271e+00
9.537088110424364329e-01 -8.790949582119028660e-01 -7.642968801382572508e-01
1.918759890203838303e+00 -3.361278279489183785e-01 -2.298610029446688796e-01
7.249508931647936638e-01 -1.123009007491905464e+00 -9.961602986516536751e-01
-4.604506473407525835e-01 1.311234791391604260e+00 1.178617379382299823e+00
1.862389903410433867e+00 -3.306175624141006741e-01 -2.270927593869095928e-01
1.484884573310859990e+00 7.661366588255449361e-01 7.590426466073619816e-01
3.804036307715852328e-01 3.750467789083606895e-01 3.576678054581143851e-01
-1.458310157034343746e+00 -2.757662041708582201e+00 -2.576147540637614419e+00
8.786956891160359051e-01 8.468890241686891640e-01 8.084368205793159845e-01
2.075254642354789514e+00 -4.060471008177947150e-01 -2.874132707221492278e-01
1.504736719467953510e+00 1.221552715037941272e-01 1.719138950802769350e-01
2.232221411048650683e+00 -2.210804116496764005e-01 -1.122473873919666715e-01
2.725261835475819794e+00 -4.272884151508469230e-01 -2.807179591263637697e-01
9.592923238707510292e-01 1.449982512333726659e+00 1.362268246324090715e+00
-1.383876424183709819e-01 1.935983235560277516e+00 1.761909899480146535e+00
6.392409181120410899e-01 1.931506576045033174e+00 1.789032581871906613e+00
5.007562721117360116e-01 -1.088847155036201553e+00 -9.739700123037066115e-01
-2.427974151334453268e-01 2.332253686244462720e+00 2.119496242623443827e+00
7.344030564188974708e-01 8.011798491285615498e-01 7.609153372888906031e-01
1.791467748662745274e+00 -3.603494140929212053e-01 -2.570829971513596268e-01
4.514146423717442236e-01 -1.417530726270160191e+00 -1.276023353278180616e+00
-8.681484461664756846e-01 -2.561334764425430066e+00 -2.373223935152894093e+00
1.092341508600363609e+00 8.019689586791758362e-01 7.760014085847144472e-01
1.008655926669969727e+00 -1.020800417980725960e+00 -8.914622030243248840e-01
1.363197990671150661e+00 -8.253100968007114346e-01 -6.987591568372256701e-01
1.424684205404735504e+00 -1.046193777006346082e+00 -8.979481249054578340e-01
2.338694495121072414e+00 -3.155058982071305973e-01 -1.941802960274967293e-01
1.225244252233175235e+00 -9.401334308456312794e-01 -8.091242933620244049e-01
1.444153776748143825e+00 8.619215206399080120e-01 8.448551308368805746e-01
7.684830971725487014e-01 1.498918472215356790e+00 1.399286519225028558e+00
1.995035869423528396e+00 -8.846438745284834759e-02 -6.943354343716817700e-04
6.327783391850274608e-01 -1.261970910978976512e+00 -1.126725442226462537e+00
3.088292455309685769e-01 5.590001846894623316e-01 5.227362419317830300e-01
2.996075112373004501e-01 -1.699651885545262475e+00 -1.539679738128752584e+00
2.415911798047658543e-01 1.072688998416629458e+00 9.890120363104346612e-01
-4.853754705669590663e-01 2.435331500978457964e+00 2.203865837100781544e+00
2.301331511400838803e+00 1.156592818040250048e+00 1.148278853484389073e+00
-2.150395605476347338e-01 -2.021789868418936376e+00 -1.854432018550082439e+00
-3.134434110119053152e-01 1.894515553381208139e+00 1.717026044402558016e+00
1.499401895429207432e+00 1.469672717978015353e+00 1.401921483820119274e+00
1.481281943215628782e+00 -5.986650567699777215e-01 -4.871033875411854841e-01
8.833397371513992402e-01 -7.728553947214241715e-01 -6.701292471344771906e-01
1.690394154935922488e+00 -1.511834795816355825e-01 -7.018061041329784477e-02
4.862717608319762075e-01 -1.480592513678372191e+00 -1.332196906255941116e+00
3.467083870974052573e-01 1.523228246215084569e+00 1.404552547955770336e+00
4.346742955592339808e-01 -1.429615788699942769e+00 -1.287728325687327979e+00
8.901866841543628617e-01 9.676393433882344297e-01 9.191375148129193873e-01
2.420355871175384088e+00 -3.077266798886986177e-01 -1.838007945038100666e-01
1.975493056429212357e+00 1.107104471176361127e-01 1.803588249490997164e-01
3.193307129060456440e-01 -1.419055327854340742e+00 -1.282716355937575159e+00
-4.553606868226247606e-01 1.663957522648509491e+00 1.500841357360420236e+00
2.940484533692349967e+00 -1.181059653373283780e+00 -9.602387322091590072e-01
8.300369251799109005e-01 8.502396040738086080e-01 8.095428555116723768e-01
1.056638462714737381e+00 1.172300666181220752e+00 1.112664371753700143e+00
1.356974125494328831e+00 8.270686053022204831e-01 8.095371114345956132e-01
7.028305764037208192e-01 -1.130712435089189949e+00 -1.004080961128882565e+00
1.939614444919862679e+00 1.670629052678280768e-01 2.303660706429618843e-01
1.433065615765006351e+00 -5.400153276760012444e-01 -4.354940057269076625e-01
8.294813151070983270e-01 -1.416705681699036656e+00 -1.260096640595592676e+00
7.947318443033701829e-01 8.412603105482631127e-01 7.999282230932339699e-01
8.041915497239546795e-01 -1.291136105828307734e+00 -1.146472360116851164e+00
5.124462928121230609e-01 1.250212894938525832e+00 1.161953832996730718e+00
7.100361640824446319e-01 -1.059783733745636836e+00 -9.390371140029001307e-01
-4.574237187145342443e-01 -2.102970722408212811e+00 -1.938274365763920759e+00
4.083092026650920747e-01 -1.823390504645431287e+00 -1.648284750086834283e+00
3.184214353921000384e+00 -5.200873068574838332e-01 -3.470193052390841970e-01
2.198958783035515729e+00 -7.008308863735190908e-02 2.427127520210953238e-02
1.713608830158941831e+00 -4.748200116345762112e-01 -3.647142309580916897e-01
3.078626470409046245e+00 -1.440418836989012075e+00 -1.191477539758906135e+00
1.362120625593223666e+00 -7.483786097904969736e-01 -6.285674728498327202e-01
1.463983944915973723e+00 -4.488523234914505444e-01 -3.510254700318763410e-01
8.913757853783317309e-01 -8.221946595306071082e-01 -7.148512135753981589e-01
5.824786031505707617e-01 -1.323824598532090890e+00 -1.185213775927768332e+00
9.486400131796820512e-01 -9.242400668410102327e-01 -8.057157294542695025e-01
9.260411042026649442e-01 1.104785156631564291e+00 1.045784355824711742e+00
2.359179539676429016e+00 1.983481328647997977e-01 2.757670499414765497e-01
8.053044309282624269e-01 6.793721323507022625e-01 6.525560570856748788e-01
2.419733449288531180e+00 3.252444236119678145e-01 3.940478460127321836e-01
1.008140646084037861e+00 5.324893867810169823e-01 5.265995519465330732e-01
9.751222952061605609e-01 1.066672201202682579e+00 1.012958818368778768e+00
1.813779659421129953e+00 2.506528578383999672e-01 3.016295625625131649e-01
5.154675024171522235e-01 8.314439186107760449e-01 7.797581959198470747e-01
2.083169323754210822e+00 1.211871079864370593e-01 1.942450603966954792e-01
8.621181488980440566e-01 9.912972924393355090e-01 9.396096242789921948e-01
1.767103214337558459e+00 -1.020641313138319628e-01 -2.225822237178581853e-02
2.282207992147016640e+00 -1.553535213860212094e-01 -5.023556533776714350e-02
-1.496205635069890238e+00 1.986966233131238102e+00 1.753959809761592714e+00
-8.869939299445128711e-03 1.275954393325898106e+00 1.164531919739487442e+00
-1.292161583781748835e+00 2.772143978328468705e+00 2.478980310746852211e+00
2.702674944864684292e+00 6.534712939372339102e-01 7.050596339652057676e-01
-3.051074588659627995e-01 -2.078498602016948915e+00 -1.909819316914443510e+00
3.069875190807465515e+00 -4.202393136295072829e-01 -2.604515969002559328e-01
-1.206656145318356632e-01 2.284685513784648236e+00 2.080970368652255598e+00
1.355828527010233264e+00 -4.717390548562629959e-01 -3.762607617646260838e-01
3.277053285998903220e-01 1.278199293805195147e+00 1.180089662557190833e+00
1.218568143214781685e+00 -8.109621084286686710e-01 -6.914647350714394625e-01
1.360976081483289191e+00 5.676277420594251222e-01 5.728401044571169720e-01
1.172577764591238303e+00 6.009845224346659354e-01 5.957320606067577629e-01
6.515659110873444071e-01 -1.523717749669494470e+00 -1.364934287104060395e+00
1.757574759701542089e+00 -2.901116735173975281e-01 -1.943194328891159062e-01
1.397901565458540940e+00 -2.967768344499621680e-01 -2.148396927724364192e-01
1.856411839158916610e+00 4.585368429737287643e-01 4.931291354130659110e-01
-5.428796788553957864e-01 -2.173270449934963544e+00 -2.005884521539741616e+00
1.679729911499793671e+00 -5.515606521653422245e-01 -4.361346308547973116e-01
-1.684583289367309611e-01 -2.051968832416817268e+00 -1.880114519694128461e+00
1.935020316378615046e+00 -1.064170631740819495e-01 -1.949299507401863751e-02
1.229633074298964512e+00 -1.209782450823891686e+00 -1.055125353159038326e+00
-4.383869706419352141e-03 -1.633351613401144764e+00 -1.491351143154300729e+00
4.842987394214928187e-01 1.302849645895509223e+00 1.208879089735755308e+00
-9.324479141437258534e-02 -1.994410245582547425e+00 -1.824547515339332682e+00
1.642348081752194711e+00 8.872544261988009051e-01 8.759373256206952618e-01
1.972806648738460789e+00 -2.240975714930086848e-01 -1.254133758700366474e-01
-6.978743107797669154e-02 2.395490345751304595e+00 2.184172070397350396e+00
-1.555492542557055380e-01 -2.063131848156969816e+00 -1.889787743524529162e+00
2.373018845628663609e+00 -1.119673620321695040e-01 -6.981348879527421447e-03
9.116142480423939931e-01 -9.845927261993259183e-01 -8.623009501177050229e-01
5.810374819373439470e-01 1.866259329851644999e-01 1.937005269682782749e-01
6.706897055875072899e-01 -1.519895290574720725e+00 -1.360677034750561454e+00
1.637970380324570652e+00 -6.312142068220877311e-01 -5.105306716818414081e-01
1.524178358190261484e+00 -9.479906594751823512e-01 -8.043000376603868240e-01
3.505643610644093577e-01 1.194170801344064170e+00 1.104292932188099874e+00
-8.999218497531551453e-01 -2.289426419957781178e+00 -2.126259279759342480e+00
1.803362065615582654e+00 1.317669638173175173e+00 1.275348898876285331e+00
-8.819032351303115469e-01 2.321486763820386656e+00 2.084016397401774690e+00
1.450057306343570884e+00 -6.427034380594052188e-01 -5.285615947957759131e-01
7.623601313077830177e-01 1.025112386859900138e+00 9.664775267246668022e-01
2.069127573055521641e+00 1.288268351795871514e+00 1.259173214487048442e+00
1.184829745659139011e+00 1.059595519208335057e+00 1.014914617760199311e+00
-2.910620102545946608e-01 -2.020366112241759993e+00 -1.856183310937223885e+00
1.283384646257030637e+00 1.213472603947156614e+00 1.159352790301156233e+00
3.000649618932316187e-01 -1.737151974072208116e+00 -1.573897241558209537e+00
1.296296531313373190e+00 -8.002817426926271960e-01 -6.785944670284534963e-01
1.534018488352844489e+00 6.742155118372152867e-01 6.770948112623251802e-01
1.395523370517302020e-01 1.158363502801961875e+00 1.063133664787623500e+00
2.289999038541696841e-01 1.245754145602671947e+00 1.146507244071526488e+00
1.661671769098067353e+00 -8.689080710689618403e-01 -7.265830395943748687e-01
2.096981111032464984e+00 -1.068553369125109676e+00 -8.913791651251347092e-01
1.342474916087046388e+00 -1.102363879403985836e+00 -9.525282769827501106e-01
1.328672078368558385e+00 -9.689930812850495734e-01 -8.313208168425341160e-01
3.077481131324316665e-01 1.253574249690641240e+00 1.156807154185133690e+00
1.020873665015489706e+00 -7.943480128392441664e-01 -6.842311791448102420e-01
6.490811797432800567e-01 -1.467168775149907400e+00 -1.313407387118531444e+00
5.348309331873366546e-01 1.370453187015665542e+00 1.272626105897749493e+00
7.504043784100079550e-01 1.639013732450558258e+00 1.526461495244612054e+00
1.424818837184059994e+00 -9.049478928063809935e-01 -7.689916997449207647e-01
1.639754401491888558e-02 1.865694311156257168e+00 1.703951544364658899e+00
4.199702999461210062e-01 -1.624536291334199412e+00 -1.466271951537198914e+00
1.574524510836303293e+00 -8.154786515372425271e-01 -6.813020314057339766e-01
9.252780489122750529e-01 -1.043741454507916222e+00 -9.157526408007872210e-01
1.690954639192639553e+00 7.407120987885048580e-01 7.441016895607985848e-01
1.431634367773767291e+00 -3.683899390417612052e-01 -2.788653303733834021e-01
1.868604768928793458e+00 -4.649968434373654702e-01 -3.495254570462765775e-01
1.836038007692267771e+00 1.212118374322116443e-01 1.843491664212267289e-01
2.483624440740983097e+00 1.344574287457422912e-01 2.224322872356567782e-01
1.244460854720091714e+00 1.557883708606833562e+00 1.472222167756358946e+00
-3.905539580591017579e-01 -2.240602365279135810e+00 -2.061241972059170813e+00
6.805839443493819640e-01 1.181203269904141040e+00 1.105699312978229099e+00
9.792958152880348877e-01 -1.211402910760883023e+00 -1.066651898319903591e+00
2.386251173177595053e+00 1.894408568809395899e-01 2.687216191877778715e-01
1.022521197538384108e-02 2.328916896193216068e+00 2.126604821314919569e+00
1.203440801231168589e+00 2.475831147621577744e-01 2.743314346639449397e-01
-1.656179761669656081e-01 1.849711576317085715e+00 1.682054953182213097e+00
1.006815057306525318e+00 -1.086577949267019783e+00 -9.515879580315768083e-01
9.370586763700925470e-01 1.343462357220365222e+00 1.264127889961476958e+00
8.676847250077515117e-01 3.673409308958064390e-01 3.701894609414596027e-01
1.773009315175256173e+00 5.394173112062957687e-01 5.636219862515354784e-01
1.173474895974152554e-01 1.367378393769641320e+00 1.253063506692140949e+00
2.122799257523755756e+00 -1.360199373519237476e-01 -3.898266511542254620e-02
1.964493150847916869e+00 9.292896572138609201e-02 1.636836722281483358e-01
1.336661193859243646e+00 1.002267713571362018e+00 9.686706237730700053e-01
2.160850033569122530e+00 -2.101150243109319860e-01 -1.051009395677437175e-01
1.801802306504743934e-01 -1.491617229260260746e+00 -1.354546771074689460e+00
1.336597255308483279e+00 2.265448135786781059e+00 2.121893916754556741e+00
1.397816580957756738e+00 5.251445273830086524e-01 5.355334475148885165e-01
1.890946419796281530e+00 -5.008538689389767651e-01 -3.813646096266733454e-01
2.809523329205806386e-01 -1.366461136724565151e+00 -1.236240562612644034e+00
5.361888044706013545e-01 9.576565472577567295e-01 8.958161814053813288e-01
2.101476059289375087e+00 -2.602840516761545375e-01 -1.532859030370161135e-01
-3.464234654191522544e-02 2.786738378320722465e+00 2.542774128451266602e+00
7.181704704095615011e-02 2.102626096317600002e+00 1.922483639698693292e+00
-3.463247105316038521e-01 -2.039231125296186775e+00 -1.875624139801888024e+00
8.569239887500280650e-01 1.827805040129397263e+00 1.703094412874381458e+00
1.172335056698346367e+00 1.128306241340818916e+00 1.077142892391706130e+00
2.325945735818021332e-01 1.938137084926564668e+00 1.778765419540627724e+00
-6.365120951956626527e-05 -1.871463108053737834e+00 -1.708562640428868074e+00
-3.145086429188657107e-01 2.795192202430310857e+00 2.539259812477843603e+00
9.951988467393975135e-01 1.157005436956509037e+00 1.096234685094808370e+00
1.836457076265337385e+00 5.898961042244528219e-01 6.122532506224890314e-01
1.723452781824902580e+00 -8.101388992376743481e-01 -6.704499331204460955e-01
8.915494331194140365e-02 1.802462040533490795e+00 1.649143453625912414e+00
1.030861627718568041e+00 4.328982698903003357e-01 4.365893178085969994e-01
1.108356791532612018e+00 2.108392799228628878e-01 2.369698555767847936e-01
1.394266734742745317e+00 5.834178767740905158e-01 5.885918750020091572e-01
2.783543704624732662e+00 2.839865969002763890e-03 1.143085660658304803e-01
1.375777519146461403e+00 -9.250076480517084310e-01 -7.892735819612893833e-01
1.513489098189392923e+00 -7.119642116613527083e-01 -5.892477103891010648e-01
-2.915859070336142000e-01 -1.988372009916990368e+00 -1.826995187457108649e+00
6.553073778982996256e-01 1.210694497618282295e+00 1.131608992675855907e+00
2.129836088659864402e+00 -4.010843540751796166e-02 4.886256155052949579e-02
6.881765587686656804e-01 -9.549638426308835193e-01 -8.442186776940275861e-01
-1.444417697538861844e+00 2.549518004006889438e+00 2.269622284626183095e+00
1.415142518190468213e+00 -5.190672221534488040e-01 -4.170886780568801577e-01
5.909032965361122880e-01 -9.075170677630367555e-01 -8.048059512650341807e-01
2.278585393313947272e+00 4.054355979059713899e-01 4.615938199099597350e-01
8.226353020001476724e-01 -1.009456699397256685e+00 -8.885717365843347482e-01
1.633660085190903555e+00 -3.821646298370209305e-01 -2.833328080435015828e-01
7.076028140000518718e-01 -1.168812296862766331e+00 -1.038672858606671578e+00
6.639551889805790363e-01 -9.239685000189896691e-01 -8.168934602974391446e-01
2.846867370437722755e+00 2.843737825981957901e-01 3.738775931543315001e-01
7.603912491054959366e-01 -1.125926538531925258e+00 -9.974014928818067949e-01
2.330424780767170745e-03 -1.672879441084454299e+00 -1.527168764775045595e+00
2.462916691104397149e+00 1.352023621361082562e-01 2.222812838756208775e-01
1.231288987517940026e-01 1.459180227768012816e+00 1.337106409160520482e+00
1.703720937734687357e+00 -4.694045246935736326e-01 -3.601669842438737223e-01
-6.487212094070797797e-01 -2.086968961294210168e+00 -1.931343103810198247e+00
-7.852170606112585105e-02 -1.812527224434189899e+00 -1.657905746682786452e+00
-1.829178605218717557e-02 1.328587789112340989e+00 1.212205658645024942e+00
1.057927525915279832e-01 1.438475587565816616e+00 1.317508245050145188e+00
-6.611839266725021425e-01 -2.213466354384435064e+00 -2.047329612717199154e+00
-3.998939128295564416e-01 2.023689314104456294e+00 1.831486130158976433e+00
9.945372524217854782e-02 -1.714402144598816680e+00 -1.561179104068317836e+00
5.530016853101349383e-01 1.629225700343935657e+00 1.509602828691981369e+00
1.825595403792365623e+00 5.311048436217530311e-01 5.581435960512496353e-01
-7.690776471311335794e-01 2.190604905954481652e+00 1.969055445859622999e+00
-4.134960722727152316e-01 1.713403699311205397e+00 1.547663663340331341e+00
3.534251837396917839e-01 -1.930241945272649584e+00 -1.748037958507792311e+00
1.543292178641245904e+00 -2.197625216424357042e-01 -1.386939859858694335e-01
2.465234517793840840e+00 -3.624317607365484806e-01 -2.319428490419657152e-01
8.373549251432360618e-01 -1.435632924853994297e+00 -1.277060343804376163e+00
8.715162766724092736e-01 -8.808800917256753849e-01 -7.692253745529800124e-01
4.195241676776880757e-01 1.596722636420658592e+00 1.474571978196077993e+00
1.228709360135387563e+00 -1.244763185544943696e-01 -6.432764505858028226e-02
1.289434323226027690e+00 8.135525592142944795e-01 7.944869100661543504e-01
7.048389327915568492e-01 1.386091013189900245e+00 1.293725896454034130e+00
6.763135026329987198e-01 -1.162402281503048584e+00 -1.034076586437456369e+00
1.676477297757541951e+00 -7.797025229716343375e-01 -6.445482494593882672e-01
1.217936074160527182e+00 -8.694772481501261696e-01 -7.449117447771546052e-01
-4.266584176611387669e-02 -2.037526804911553135e+00 -1.861881002273517938e+00
5.056852425700196774e-01 2.525560912544827730e+00 2.326016798511189254e+00
1.747730585499295941e+00 1.340283045632939318e+00 1.293761167049189531e+00
-4.385179096979880953e-01 -1.911561569075068689e+00 -1.762767803647493414e+00
1.045424160170093764e+00 -1.280578924730314982e+00 -1.127152407672651124e+00
8.971391376182256128e-01 -6.094941796761791375e-01 -5.204341105177793247e-01
-1.156933181511892172e-01 2.239687138854737469e+00 2.040088473926298107e+00
6.562936230405728155e-01 1.737813858494848818e+00 1.612884404161093910e+00
1.116555641192017667e+00 1.134026929215793178e+00 1.080126944139759626e+00
1.125347810163626505e+00 9.822801238834006909e-01 9.419419309600747248e-01
1.958846444246330476e-01 -1.350076704237062941e+00 -1.224696468246231573e+00
6.074907836566763031e-01 4.508963669480796632e-01 4.360290147256065119e-01
1.864906414392305756e+00 3.459056936830127160e-01 3.906429805584444304e-01
1.013392528625413957e+00 -1.029787932915225745e+00 -8.994772916918565286e-01
2.901805351805290201e+00 -6.026272930265630379e-02 6.144514935623749535e-02
1.492861758043957821e+00 4.246802826993960611e-01 4.476287769831448493e-01
1.502090401293931343e+00 1.475913163012522844e+00 1.407726625871905668e+00
-6.573587444709059202e-01 -2.407200868590114506e+00 -2.224046827747830246e+00
2.324509638647432652e+00 2.136535879670669047e-01 2.883487731062298054e-01
3.215318877257552721e+00 -1.150710912627248561e+00 -9.215014065531714760e-01
7.327732474487685943e-01 1.818988180180477032e+00 1.690062306253709901e+00
9.011744707984749025e-01 1.556198192937367608e+00 1.456905770928262900e+00
1.642590377049677919e+00 -2.285109823784057248e-01 -1.426956547553026033e-01
2.329331359887457431e+00 -2.544638052461385413e-01 -1.388274454519966006e-01
1.936795082280394764e+00 9.193601427978743690e-01 9.170658322593955303e-01
9.619803378211948530e-01 7.166591406869101677e-01 6.928854834623926484e-01
1.321072067548938023e+00 -4.620487066828020684e-01 -3.688088479695681432e-01
8.752240523832116592e-01 -1.201230873841732327e+00 -1.061542153928403787e+00
-9.554441768675348001e-02 1.928862438189480333e+00 1.757128425450948495e+00
1.031694934693056620e+00 -7.785089605183611594e-01 -6.693365446344003988e-01
1.085772402707539719e+00 -6.663365502013415265e-01 -5.647579050896383013e-01
2.112079563992427023e+00 1.086026470432766011e-02 9.468200214168720485e-02
6.468063802799087769e-01 -1.616913002398759014e+00 -1.450208304551383831e+00
7.777479697235714085e-01 2.099096374584221714e-01 2.228523428987486954e-01
4.386925537700254729e-01 -1.423915122593972571e+00 -1.282362608237337165e+00
9.889751609362608109e-01 -1.040523944426166469e+00 -9.102587551549036204e-01
2.966135898608337484e+00 6.961427384035205890e-01 7.545905592656891869e-01
6.364601373419639385e-01 5.444232711578934625e-01 5.225774618629250856e-01
1.227588955583253760e+00 1.347466587381760394e+00 1.279443831494076145e+00
2.477207854985823410e+00 5.257585205431727360e-01 5.794147326057860203e-01
-1.648684750431415047e+00 2.581440944405064997e+00 2.290568328123066877e+00
2.166241032395476829e+00 1.339033233700026582e-01 2.091884169502353785e-01
1.668554516101066865e+00 1.164670804029968254e+00 1.130257550035799197e+00
1.948402297262441962e+00 -4.264045700949017359e-01 -3.110898522715312420e-01
1.782204536311573939e+00 -6.542150197414973167e-01 -5.257406067186923826e-01
7.059285457948775155e-01 -1.370806938194070401e+00 -1.223151908531644683e+00
7.907289141194386861e-01 -1.265445236385966510e+00 -1.123558088222026408e+00
1.780191874747293568e+00 1.457239081387837754e-01 2.044862121948664291e-01
4.184950922322271394e-01 -1.526800493082878241e+00 -1.377102851614823598e+00
5.626263466972434291e-01 1.050610305207733797e+00 9.817397594912580239e-01
3.979235414107150648e-01 1.695046253493664334e+00 1.563470007872077794e+00
1.975986583348339209e+00 -1.764949034655398652e-01 -8.182669582613741333e-02
2.659690047888960684e+00 -8.088137790879923461e-01 -6.316648240458061503e-01
2.502144859052301662e+00 4.606357801934913843e-01 5.209614860157703031e-01
1.645676549569796698e+00 -5.008739674563131850e-01 -3.912267214390177106e-01
2.820249899872823152e-01 -1.542264795210161354e+00 -1.396698198770705668e+00
9.582602156692718864e-01 -1.025274418267529741e+00 -8.975693627172651734e-01
-6.493591111649352765e-01 -2.087550675098563957e+00 -1.931899783679183802e+00
1.635670795190090177e+00 -5.253812377143933787e-01 -4.140023116050500218e-01
-5.516316937581182689e-01 1.194745554221603001e+00 1.068608544256990145e+00
1.770398386572637150e+00 8.842405949663063591e-01 8.783250598583948188e-01
3.251382254889465528e-01 -1.501784676012935860e+00 -1.358011379849583422e+00
1.450087087112900575e+00 -3.314400065537844720e-01 -2.443911455923603315e-01
3.344108483134155652e+00 -3.509605526857375590e-01 -1.861970690300220055e-01
8.625329246529174210e-01 1.187202017881934690e+00 1.118478310984126978e+00
2.058742919628000934e+00 1.974463010387830231e-01 2.628858707726912103e-01
1.173171530719173239e+00 5.807362268513279746e-01 5.772701247709677297e-01
1.990926634746385204e+00 -2.683915039553389503e-01 -1.651244720603440574e-01
2.601549991131093087e+00 -1.053772320684462915e-01 8.207101743303649166e-03
2.090130536725157695e-01 2.144812461664845848e+00 1.966504140183195970e+00
1.998602674373396226e+00 6.329954724557281809e-01 6.581086181766514498e-01
1.474237220154575034e+00 -8.704085429718728673e-01 -7.354754776991146992e-01
1.645393397573652106e+00 -4.202553119235088452e-01 -3.176369462223800899e-01
8.683775406735239066e-01 -1.030748812371661272e+00 -9.061746223419153701e-01
1.563138060962911080e+00 9.218994936425907172e-01 9.043876372488446336e-01
1.630347633337375646e+00 5.602438098536854927e-01 5.769099822937466815e-01
1.823817119268697606e+00 6.034464619239769956e-01 6.241168091783889649e-01
-7.307097819844465825e-02 2.940600856423996490e+00 2.681701211855760825e+00
2.196293252864607304e+00 -1.242454924373836977e-01 -2.528349777899160933e-02
-2.122488615857425209e-01 -2.024815094630979306e+00 -1.857081908425301853e+00
7.006648110263969942e-01 5.283669304527960353e-01 5.104955753669619956e-01
8.042460392661900936e-01 7.736909432979123258e-01 7.386223328002237132e-01
7.454075041508918531e-01 1.943216533230016196e+00 1.803984170183375424e+00
-4.395357713885230666e-01 1.329996808128701691e+00 1.196585647487780957e+00
1.935478431738706373e+00 1.055492334320184744e+00 1.041295443896657735e+00
4.206433176317242451e-01 -1.852996767345872486e+00 -1.674818889177668968e+00
-2.837247784257002081e-01 -2.000608959388670449e+00 -1.837851459950603950e+00
1.797881040906091910e-01 -1.851214632117082814e+00 -1.682858464476229221e+00
6.972413665603132138e-01 9.197789556347563122e-01 8.676994258102944668e-01
1.814098609872715873e+00 -3.472833656566528537e-01 -2.442460171072486919e-01
1.304297374140349408e+00 -5.702078841217492755e-01 -4.682264647021169290e-01
6.385473583402707654e-01 -1.455696985735895677e+00 -1.303356937667774273e+00
-9.295398129890442007e-01 -2.556549174261774304e+00 -2.371318817162124670e+00
1.370049702531636271e+00 -5.634699316621107901e-01 -4.594360915300452763e-01
1.629473662472189499e-01 -1.785319355002749298e+00 -1.623374988300563704e+00
1.892448334041662017e+00 -4.067153883463858755e-02 3.882105523043971607e-02
3.002653219529149542e+00 -1.138116646366523543e+00 -9.185386301890156036e-01
-2.932231548510166874e-01 -2.007330549846305878e+00 -1.844369175904362113e+00
6.177978528376710798e-01 1.474712732702762930e+00 1.371140123768539221e+00
1.894577314142064317e+00 4.488426088199688468e-01 4.858104927400974660e-01
3.338701299293593827e-01 1.142075296525660422e+00 1.056062109584458009e+00
2.537474504964346345e+00 3.496171157190610668e-01 4.210244657966413784e-01
4.163145195196843451e-01 -1.360192104402873969e+00 -1.225084541099892066e+00
1.801472222630432718e+00 -2.180266791902938373e-01 -1.267473362863804354e-01
2.356003133794986937e+00 -9.162078310928956082e-02 1.091122995695847919e-02
5.916061033494643961e-01 -1.642724565341157517e+00 -1.475988509917428138e+00
4.437061561381618890e-01 -1.313803603559838606e+00 -1.181634617575274993e+00
1.807169984914828387e+00 -3.064687012663878107e-01 -2.072621745511968316e-01
2.449346108920935627e+00 1.183829144755605967e-01 2.063812512826709855e-01
1.761329990092818099e+00 -5.919756107703211256e-02 1.664528755607716515e-02
1.319025811407215976e+00 -8.833823395534797784e-01 -7.535492787569453288e-01
1.327664788239609761e-01 -1.936753030151498134e+00 -1.762838288790722352e+00
-3.365845819612653944e-01 -2.092208643465768958e+00 -1.923599272624375578e+00
2.577818090787698857e+00 -4.121470952620276407e-03 9.969650717021220909e-02
2.691161344385112564e+00 -6.628492365835334521e-01 -4.971428013052170414e-01
1.563129038285026473e+00 5.939789831355606342e-01 6.050108710927095679e-01
1.117346658921273272e-01 -1.540794695774832412e+00 -1.402190567888791151e+00
2.448140938888036189e+00 -4.272939185201136691e-01 -2.918450685509298426e-01
3.517842208869790710e+00 1.140658507502058328e+00 1.182555503238019945e+00
-1.125484181605263867e+00 2.830261134518984534e+00 2.538728112047805574e+00
6.422089300572674242e-01 -8.420366064558502117e-01 -7.429661681616724911e-01
7.436173893547249891e-01 1.698615860998205607e+00 1.580603116395694396e+00
1.315025371925819142e+00 -5.593132785033807508e-01 -4.578496269385624040e-01
1.037908579012973620e+00 -9.059878701726479244e-01 -7.854695683523689187e-01
3.461718456808509092e+00 -1.143923943749504790e+00 -9.054161118694930011e-01
1.972941551895637025e+00 3.124331305186680563e-01 3.644199908248659803e-01
1.220370781588281606e+00 8.947450428441765524e-01 8.658401033387193024e-01
9.076405032294276864e-02 1.969134357862647455e+00 1.801372224648120746e+00
4.264572734613318872e-01 -9.481959288771049099e-01 -8.485438329153049963e-01
-1.273097869669479465e-01 -1.881977742171446311e+00 -1.723268968936561674e+00
-4.845400155891332883e-01 -2.004937114531496256e+00 -1.849862469412596688e+00
4.535542740742684042e-01 1.090679216226159154e+00 1.013943295852014481e+00
1.530980574166077357e+00 -7.333116106453667626e-01 -6.080348975781681986e-01
-8.141339051506184532e-01 -2.510650920009171116e+00 -2.324784065019214196e+00
1.529788499453486050e+00 -4.606019554182011477e-01 -3.591113184214844711e-01
1.409160047711047969e+00 2.211869796942652400e+00 2.075891613048673090e+00
2.754809073807917841e-02 -1.706458225259215311e+00 -1.556812560206898732e+00
1.154648883584390440e-01 8.077735115172803848e-01 7.420943276266540600e-01
7.625983580785564708e-01 1.524058248571926732e+00 1.422001802822396410e+00
1.842750799574713660e+00 -4.183131577494048070e-02 3.576765053492989704e-02
3.582811462212698306e+00 1.890290368198137561e-01 3.163688936870384660e-01
1.460043542832530905e+00 -1.064409308992120273e+00 -9.131589448274460841e-01
1.081079259307335283e+00 -1.029858520823443868e+00 -8.968251678714973529e-01
1.764053455181910923e+00 4.359526231460927326e-01 4.688040275729604134e-01
-8.513483347295780490e-02 1.699902874571359135e+00 1.548516615091853899e+00
2.035240108172100548e-01 1.442665179838631628e+00 1.325255537757056512e+00
1.526240873779085794e+00 9.384473977091634112e-03 6.982237963066330322e-02
1.166120885355248937e+00 6.960504838394374616e-01 6.822637853207749181e-01
1.548250845269398379e+00 1.048579999327707846e+00 1.019443646003858728e+00
9.754517480198235946e-01 -1.073923239153920628e+00 -9.412935354855604952e-01
7.839759682285035725e-01 8.540267878154259584e-01 8.111517512098175287e-01
2.875345087713538916e-01 -1.387307327011919611e+00 -1.255008007601920106e+00
5.510202102822561177e-01 -1.570689865429063303e+00 -1.411853019891413430e+00
9.216920296757309394e-01 1.016429129029118306e+00 9.649448026557515545e-01
1.547581952173568087e+00 -6.976087331719948992e-01 -5.747735193993429581e-01
2.756458069669027733e+00 -7.341890296304010022e-02 4.360073733233861548e-02
5.050521745717133637e-01 9.958587249547501408e-01 9.294433691692417510e-01
2.100965495000938876e+00 -6.371191131104891880e-02 2.615496493663232308e-02
5.220689069108015445e-01 1.183089974096647845e+00 1.101059879161526478e+00
9.038575787705438458e-02 1.016578098088760207e+00 9.317168135833323594e-01
-6.605652889996342925e-01 1.650502046592690952e+00 1.480321357430396612e+00
1.114612996140609269e+00 7.388688699555512329e-02 1.121896837436089089e-01
1.552809246509550878e+00 7.348165568137822179e-01 7.331749452768919761e-01
-2.962220023681882974e-01 1.939983121737651972e+00 1.759227022603537804e+00
1.588523832563851990e+00 9.117392255011326219e-01 8.961306209735696582e-01
1.496984437615095587e+00 -5.070901176047143410e-01 -4.028694527077568144e-01
-2.186784099152121463e-01 -1.835841914440552447e+00 -1.684816097944908719e+00
6.165061940979345012e-01 1.851950870446593012e+00 1.715489422260700669e+00
6.593313500440463049e-01 1.011437458536617040e+00 9.498579437387584257e-01
1.208208427410981667e+00 7.452900193332667733e-01 7.289063844448132601e-01
1.957002959627466954e+00 -6.537939507719645604e-01 -5.183407575559948466e-01
6.686058029408566972e-01 -1.165321841403575975e+00 -1.037051354900459410e+00
3.673037767547309151e-01 1.348430164768745110e+00 1.245796491022970409e+00
1.146327345941428266e+00 -8.001616702822288429e-01 -6.845037719583729752e-01
1.122069547590895278e+00 -1.127228415918236193e+00 -9.840743003271426037e-01
1.669822526888713687e+00 8.058581589184348193e-01 8.027289331473645984e-01
1.186330720220373225e+00 -9.541610085444776068e-01 -8.234926010443328614e-01
2.070356848713537090e-01 8.721561827337798167e-01 8.045478974332043176e-01
1.041659592251119149e+00 8.888747292238318165e-01 8.533083068642856039e-01
3.023074951284064671e+00 3.090695302913840647e-01 4.034956676806430442e-01
2.494817218066337716e+00 4.200408318616868364e-01 4.836060672605160260e-01
1.683853603524912756e+00 1.124041127966723952e-02 7.784246009026095370e-02
1.523744264179254682e+00 -5.229689613376578006e-01 -4.162921196375106159e-01
9.069758659869928685e-01 1.225785486675707636e+00 1.155486941938414391e+00
-1.689973447484711677e-01 -1.994330299177438315e+00 -1.827514812355305773e+00
-7.874261158328965671e-02 -2.439616994385774174e+00 -2.230418845545542261e+00
1.611642942025646841e+00 -9.714242318419774591e-02 -2.400423541591831245e-02
-3.688170566727744237e-02 -1.541392876038037096e+00 -1.408701310215390690e+00
1.139961876414858466e+00 1.342376813376031208e+00 1.271280239419064761e+00
-1.204321249818816053e-01 -2.125289013620383471e+00 -1.945124982725543239e+00
6.359843205277725398e-01 -1.502172543822103190e+00 -1.345889859176121695e+00
-6.212164212160631305e-01 1.979271000321478180e+00 1.782051595054773729e+00
-4.000843885914631137e-01 -2.195234018145228561e+00 -2.020205247707604457e+00
2.522216952068853324e+00 3.947527682925879855e-01 4.616188959679982107e-01
8.525461873862268947e-01 -1.235719989716594025e+00 -1.093939299621548678e+00
2.206383177825722353e+00 5.430240921209894545e-02 1.381275103746207600e-01
8.063783300242348684e-01 1.206109482285949053e+00 1.133486228021594489e+00
1.683710571855461025e+00 -4.038743677948555266e-01 -3.011440572662363868e-01
3.982842461110670529e-01 1.284657420803245964e+00 1.188818280232976976e+00
1.612113469624509632e+00 -1.774842231139677207e-01 -9.733373393953416441e-02
1.874556243338660444e+00 -7.429261434545193499e-01 -6.030233170608577664e-01
6.485336035703663793e-01 -1.253341153815499043e+00 -1.118214540944780788e+00
-2.253171343667956794e-01 -2.228022060934519821e+00 -2.043125047222717150e+00
3.598110491168978742e-01 -1.297010253058585416e+00 -1.169670138923204483e+00
2.014292083086779872e+00 -1.431983912377218227e-01 -4.989113664953423455e-02
6.750219829931961568e-01 -1.070283400632202842e+00 -9.500281025587428152e-01
1.074630141532173733e+00 -8.883041864990086633e-01 -7.678513768150654339e-01
-1.984899582029111542e-01 1.281665796201601815e+00 1.162135880372647367e+00
-1.170135359151230237e+00 1.628892330064470872e+00 1.440141379457088533e+00
1.609377794130644634e+00 -4.313678307616699570e-01 -3.292276320356980479e-01
-6.888896688952284020e-01 1.675357638815227812e+00 1.501876592072932892e+00
8.854828664581059217e-01 1.303003995191745146e+00 1.225121293864273708e+00
1.134560748552567722e+00 9.256492317448460350e-01 8.906102765955937750e-01
1.546217710003330525e+00 7.977600036831977715e-01 7.903748813635111947e-01
9.313727736583583550e-01 4.825917392103833414e-01 4.779642518691501474e-01
1.386458769204466979e+00 9.489661602265229146e-01 9.220073438769290641e-01
1.377042474474289291e+00 -6.968962163137677468e-01 -5.809675263395978062e-01
8.618033993986061736e-01 8.037305617294436821e-01 7.683571592960783958e-01
3.860587630757662536e-01 -1.151245767754160543e+00 -1.035540404671550618e+00
1.966788554882260787e+00 1.190774227164066890e+00 1.166058228271672492e+00
2.692563374336979454e+00 -3.194710286096977825e-01 -1.835979579476711421e-01
9.274318155927309126e-01 -1.133639950382055117e+00 -9.977394091128057863e-01
8.582230786500997244e-01 -1.014750720667179973e+00 -8.919766408832995319e-01
6.007173714915332585e-01 2.285300551611331610e+00 2.110484154230644727e+00
1.140539546276295502e+00 7.372490250399491574e-01 7.188494740476185640e-01
8.085058482297983184e-01 9.132005492319374973e-01 8.661591770164953630e-01
-2.328147712163661787e-01 1.356516573318547803e+00 1.229093604667981454e+00
2.205683741866748093e+00 1.430090438238980077e-01 2.190845326662428927e-01
2.690776485666163342e+00 -3.535989562065207092e-01 -2.148269081730016516e-01
-2.382506470212109040e-01 -2.261197074874040425e+00 -2.073931394166039777e+00
3.040722699144934538e+00 -5.844429643510196115e-02 6.868066174652837086e-02
1.160709967228647832e+00 -1.038979026890472390e+00 -9.019558402122387353e-01
-2.119604016576155381e-01 -2.021851598274424955e+00 -1.854364794839200359e+00
7.585752540182293391e-01 9.366802520861208237e-01 8.855911349208843708e-01
1.674524974308730485e+00 2.467741238625921207e-01 2.924995507886888335e-01
-2.176987965012764370e-01 1.300522248198149544e+00 1.178580021740256445e+00
1.722025400854599875e+00 -5.817378132848005645e-01 -4.619874918122131024e-01
1.131014800060629488e+00 6.481480239752515082e-01 6.371220716788464911e-01
1.348555668922990058e+00 -1.076769237773606003e+00 -9.289174942076329211e-01
-1.813070146815110029e-02 -1.750610240776813820e+00 -1.598954619376528941e+00
1.744973368613353060e+00 5.004018471460129902e-01 5.268774485476178659e-01
4.904313707699712310e-01 1.655474380400487888e+00 1.531055448152536469e+00
7.756953126690764311e-01 2.731682772307464369e-01 2.805222009387891013e-01
-7.002521847741305372e-01 1.779046537156509400e+00 1.596083778335339431e+00
3.044311355588932289e-01 -1.382899292460890939e+00 -1.250305537755612262e+00
7.890948365686822896e-01 -1.385917969695735996e+00 -1.233609757618035818e+00
8.073000687666390673e-01 4.181117461318778483e-01 4.141173865780224395e-01
2.848294568808936500e+00 1.412475268508532888e-01 2.432671580505632036e-01
7.923660046823387537e-01 1.643285093940593189e+00 1.532045157941398505e+00
1.579774980483933389e+00 6.179639392290758870e-01 6.275761124081083997e-01
2.104942794363895864e+00 -3.169198917957876116e-01 -2.048526951907070903e-01
6.420061637806850907e-01 1.945027776188165802e+00 1.801487799713220816e+00
1.112685854970560717e+00 -1.069687201724225600e+00 -9.319184167491393334e-01
2.845952159227275402e+00 4.347609577306112971e-01 5.111374633387972821e-01
1.265829127008235799e+00 8.699780487930224293e-01 8.450534164528791248e-01
2.538100060758190502e+00 -1.974298192073085101e-01 -7.837921922494794913e-02
3.529649052979302315e-01 1.531420232913193180e+00 1.412282558234411622e+00
-6.015465150079997159e-01 1.415078691036797176e+00 1.267759302539700483e+00
5.068025055318985395e-01 -1.265210906639672839e+00 -1.134739376242518416e+00
3.647637311377616154e-02 5.315171667144948930e-01 4.867147822800108048e-01
3.077777493482314330e-01 2.030684544803436520e+00 1.866274443589797993e+00
5.083562302755446627e-01 -1.220866570306035293e+00 -1.094192670752566876e+00
